1036121405.8388174
